0.0,-0.038186412625307274
0.01001001001001001,-0.38865591647239023
0.02002002002002002,-0.3087534400549671
0.03003003003003003,0.12094299064680551
0.04004004004004004,0.3577543709481744
0.050050050050050046,0.5090410086486865
0.06006006006006006,0.3980514683340552
0.07007007007007007,0.5463525925312187
0.08008008008008008,0.4143188960910083
0.09009009009009009,0.4238679456597378
0.10010010010010009,0.5527254317430551
0.11011011011011011,0.9324900104860936
0.12012012012012012,0.919789666235477
0.13013013013013014,0.570729738230297
0.14014014014014015,0.8199888771879466
0.15015015015015015,0.5320622076132724
0.16016016016016016,0.7211943952349629
0.17017017017017017,0.9626812074163772
0.18018018018018017,0.9536265884354117
0.19019019019019018,0.45822800024820187
0.20020020020020018,0.7705009965604136
0.21021021021021022,0.7803229856493863
0.22022022022022023,1.2159169820847484
0.23023023023023023,1.3210602372267175
0.24024024024024024,0.72074133359422
0.2502502502502503,1.19369855353774
0.2602602602602603,1.1860188515839132
0.2702702702702703,0.925436435659028
0.2802802802802803,0.7078211844503481
0.2902902902902903,0.9388278628290978
0.3003003003003003,0.8285434503062266
0.3103103103103103,0.8598213616520326
0.3203203203203203,1.2591638665937888
0.3303303303303303,0.6257220670991109
0.34034034034034033,1.1041913907637362
0.35035035035035034,1.167682630970532
0.36036036036036034,1.169335944960205
0.37037037037037035,0.7123097793288249
0.38038038038038036,0.6834703288789169
0.39039039039039036,0.4686619741217154
0.40040040040040037,0.4347101111752665
0.41041041041041043,0.5477574039527073
0.42042042042042044,0.7493030597232014
0.43043043043043044,0.4894385163525191
0.44044044044044045,-0.010549800738097692
0.45045045045045046,0.2338356766411537
0.46046046046046046,0.5679345213933069
0.47047047047047047,0.018343408374082854
0.4804804804804805,-0.1448175932633024
0.4904904904904905,0.24595907677363285
0.5005005005005005,-0.07650115619830274
0.5105105105105106,-0.0404147966268736
0.5205205205205206,-0.5487306789259535
0.5305305305305306,-0.4422111833863025
0.5405405405405406,-0.11268433191732416
0.5505505505505506,-0.3113225728201055
0.5605605605605606,-0.5375172812435489
0.5705705705705706,-0.5493908021145142
0.5805805805805806,-0.432364922421408
0.5905905905905906,-0.39553687719697905
0.6006006006006006,-0.8647934043594554
0.6106106106106106,-0.5941649980879258
0.6206206206206206,-0.7521567748302237
0.6306306306306306,-0.4391181076223617
0.6406406406406406,-0.8330657560176666
0.6506506506506506,-0.5043173547482044
0.6606606606606606,-1.0047614748462212
0.6706706706706707,-0.8752315396917748
0.6806806806806807,-0.8100154814617427
0.6906906906906907,-0.7948749787541026
0.7007007007007007,-0.7282279361187494
0.7107107107107107,-0.7593344710686795
0.7207207207207207,-1.0482984666805228
0.7307307307307307,-0.7757128563071225
0.7407407407407407,-0.9195326147040404
0.7507507507507507,-1.1910822675053603
0.7607607607607607,-1.182829746894179
0.7707707707707707,-0.6696686965875729
0.7807807807807807,-1.3203149058584218
0.7907907907907907,-0.9075520137406309
0.8008008008008007,-1.369463668874352
0.8108108108108109,-0.9907501150085437
0.8208208208208209,-0.7069603522026386
0.8308308308308309,-0.9827137440585988
0.8408408408408409,-0.9300156300648251
0.8508508508508509,-0.9496882718626721
0.8608608608608609,-0.7865043810621692
0.8708708708708709,-0.8555715407837344
0.8808808808808809,-0.806040586439539
0.8908908908908909,-0.6052052463678304
0.9009009009009009,-0.20605078650824155
0.9109109109109109,-0.6674701026532037
0.9209209209209209,-0.6042178093060471
0.9309309309309309,-0.594060945784544
0.9409409409409409,-0.43035925884719706
0.950950950950951,-0.6214252747085366
0.960960960960961,-0.33490761153149506
0.970970970970971,-0.2965581187289672
0.980980980980981,-0.2803350866958678
0.990990990990991,-0.011231741409333328
1.001001001001001,-0.24022094726535795
1.011011011011011,0.43707666365498704
1.021021021021021,0.21118930172330888
1.031031031031031,-0.13293385523678128
1.0410410410410411,0.3796386977664249
1.0510510510510511,0.16092670121573924
1.0610610610610611,0.3578062642296938
1.0710710710710711,0.588693275156384
1.0810810810810811,0.4339957723299718
1.0910910910910911,0.2127665897683101
1.1011011011011012,0.5558873357205478
1.1111111111111112,0.7123559087698439
1.1211211211211212,0.8355816135664677
1.1311311311311312,0.4965515252851076
1.1411411411411412,0.5705801531431689
1.1511511511511512,0.9810181790509691
1.1611611611611612,0.8176991302623148
1.1711711711711712,0.5404021636836611
1.1811811811811812,0.830103825867866
1.1911911911911912,1.0210607689571205
1.2012012012012012,0.9477827885744786
1.2112112112112112,1.026177409184466
1.2212212212212212,1.1521574169792828
1.2312312312312312,0.9424258026993617
1.2412412412412412,0.5766796932940446
1.2512512512512513,0.8628978642611312
1.2612612612612613,0.8526215058169575
1.2712712712712713,0.6893485096121623
1.2812812812812813,0.9476821605302266
1.2912912912912913,0.9437441945695273
1.3013013013013013,0.6601885070623019
1.3113113113113113,1.1568515688245975
1.3213213213213213,1.1211867544322374
1.3313313313313313,0.7497372124017397
1.3413413413413413,0.6980867232512341
1.3513513513513513,1.1147557535846255
1.3613613613613613,0.501598149405112
1.3713713713713713,0.6373348556953353
1.3813813813813813,0.7613024693549769
1.3913913913913913,0.6967516688314911
1.4014014014014013,0.47505134536443766
1.4114114114114114,0.6497229015927102
1.4214214214214214,0.6837952926277995
1.4314314314314314,0.37194405488012267
1.4414414414414414,0.7322450307656618
1.4514514514514514,0.2909506137229269
1.4614614614614614,0.30129281160103344
1.4714714714714714,0.06995499280293786
1.4814814814814814,-0.19765564403893732
1.4914914914914914,0.13348271260441028
1.5015015015015014,-0.15705218003205212
1.5115115115115114,0.11127822125536319
1.5215215215215214,0.0327797312919578
1.5315315315315314,-0.09014633050501218
1.5415415415415414,-0.6396382109414801
1.5515515515515514,-0.5879607063364135
1.5615615615615615,-0.7205830225099119
1.5715715715715715,-0.28552210429273
1.5815815815815815,-0.7683406851198589
1.5915915915915915,-0.7496748099092939
1.6016016016016015,-0.684357194687945
1.6116116116116117,-0.577968625533996
1.6216216216216217,-0.826998877878027
1.6316316316316317,-0.4223237188281146
1.6416416416416417,-0.584505744247432
1.6516516516516517,-0.7116207640131589
1.6616616616616617,-0.956581097662994
1.6716716716716717,-1.307776347125027
1.6816816816816818,-0.8493854949240287
1.6916916916916918,-0.919411944697564
1.7017017017017018,-0.5941736983093658
1.7117117117117118,-1.0257782326862823
1.7217217217217218,-1.1028724055613215
1.7317317317317318,-0.7094463283611798
1.7417417417417418,-0.9527683796721882
1.7517517517517518,-0.8872783607163204
1.7617617617617618,-1.2143717116032193
1.7717717717717718,-0.45730846532007885
1.7817817817817818,-0.6895925995064565
1.7917917917917918,-0.9567553857439273
1.8018018018018018,-0.8730349573109708
1.8118118118118118,-0.6712974558148048
1.8218218218218218,-0.7450559257779759
1.8318318318318318,-1.092272393002298
1.8418418418418419,-0.7597515963627117
1.8518518518518519,-0.8680660844287427
1.8618618618618619,-0.7557315951093794
1.8718718718718719,-0.4822004683675185
1.8818818818818819,-0.42854331766473497
1.8918918918918919,-0.4717327491396609
1.901901901901902,-0.5142335546426514
1.911911911911912,-1.009174164130849
1.921921921921922,-0.5137361912284514
1.931931931931932,-0.5219941868329829
1.941941941941942,-0.5183191816177487
1.951951951951952,-0.0406104643185623
1.961961961961962,-0.39182376103526706
1.971971971971972,0.05753512378948927
1.981981981981982,-0.409308718046384
1.991991991991992,0.028537750430867544
2.002002002002002,0.37739508424937945
2.012012012012012,-0.2554720938573583
2.022022022022022,0.20296846274104244
2.032032032032032,0.16920532022621543
2.042042042042042,0.40597108908836077
2.052052052052052,0.0994886980398822
2.062062062062062,0.40867551593579926
2.0720720720720722,0.12903746025209778
2.0820820820820822,0.6966036202784259
2.0920920920920922,0.6439213562133387
2.1021021021021022,0.4322179228153117
2.1121121121121122,0.4825124922789745
2.1221221221221223,0.6968134072614024
2.1321321321321323,0.8752185104336551
2.1421421421421423,0.921506144652248
2.1521521521521523,1.0297044778309086
2.1621621621621623,1.024021046960569
2.1721721721721723,0.6881325081249106
2.1821821821821823,0.899194289957905
2.1921921921921923,1.0438431106046413
2.2022022022022023,1.1403778164177891
2.2122122122122123,0.8755824368180946
2.2222222222222223,0.8994772096752922
2.2322322322322323,0.7368992924506802
2.2422422422422423,0.7740961889817596
2.2522522522522523,0.8573164672181756
2.2622622622622623,0.7405488519370416
2.2722722722722724,1.281934750420136
2.2822822822822824,0.9951579526431445
2.2922922922922924,1.2643511355420034
2.3023023023023024,1.0215357935974658
2.3123123123123124,0.8933679556115814
2.3223223223223224,0.6009502742596791
2.3323323323323324,0.9950196496654272
2.3423423423423424,0.7678601085596183
2.3523523523523524,0.9282260880072799
2.3623623623623624,0.909975516405148
2.3723723723723724,0.6324260726958792
2.3823823823823824,0.8830012990866676
2.3923923923923924,0.644883411493339
2.4024024024024024,0.5283145523132585
2.4124124124124124,0.4723812253985616
2.4224224224224224,0.47507915065426976
2.4324324324324325,0.34487930680088436
2.4424424424424425,0.38159928765564083
2.4524524524524525,0.421743306935379
2.4624624624624625,0.13216005602843794
2.4724724724724725,0.30544225963447147
2.4824824824824825,0.3707324685122365
2.4924924924924925,-0.09558478945240192
2.5025025025025025,-0.17973466373014824
2.5125125125125125,-0.31651779871913244
2.5225225225225225,-0.4054151190981673
2.5325325325325325,-0.4526973997599204
2.5425425425425425,-0.015534825955008102
2.5525525525525525,-0.4380225257492466
2.5625625625625625,-0.47671375470671506
2.5725725725725725,-0.6955817403013862
2.5825825825825826,-0.3167813219775724
2.5925925925925926,-0.5827796853998473
2.6026026026026026,-0.7686727986185078
2.6126126126126126,-0.5349643947315094
2.6226226226226226,-0.7044915764050004
2.6326326326326326,-0.9595659636437563
2.6426426426426426,-1.0839986835688116
2.6526526526526526,-0.6042921142911306
2.6626626626626626,-0.7725429206115166
2.6726726726726726,-0.9062388968597467
2.6826826826826826,-0.7964883160315903
2.6926926926926926,-0.8528774949634852
2.7027027027027026,-1.1174150604278823
2.7127127127127126,-0.5993143225393056
2.7227227227227226,-1.1027932702066965
2.7327327327327327,-1.2778772262718743
2.7427427427427427,-1.0512281319081862
2.7527527527527527,-0.9422780946570593
2.7627627627627627,-1.2706797799674678
2.7727727727727727,-0.8065335793509031
2.7827827827827827,-1.04264606925082
2.7927927927927927,-0.7009274839123016
2.8028028028028027,-0.8121486581747179
2.8128128128128127,-0.8942448450828687
2.8228228228228227,-1.1488589371081412
2.8328328328328327,-0.6072585302596918
2.8428428428428427,-0.5749490088382863
2.8528528528528527,-1.0666758182032017
2.8628628628628627,-0.5903033320170026
2.8728728728728727,-0.8427747143227344
2.8828828828828827,-0.6087603968967917
2.8928928928928928,-0.5269046891065283
2.9029029029029028,-0.5311677437052015
2.9129129129129128,-0.7362000631259812
2.9229229229229228,-0.6171668204071652
2.932932932932933,-0.5156156837990868
2.942942942942943,-0.5875091076722897
2.952952952952953,-0.1869576216262298
2.962962962962963,0.08133058984610536
2.972972972972973,-0.21747476351730388
2.982982982982983,-0.35660348536585673
2.992992992992993,-0.4147693224058766
3.003003003003003,-0.30182745031838615
3.013013013013013,0.3700065072491748
3.023023023023023,0.09267490080334904
3.033033033033033,0.024955321045100537
3.043043043043043,0.293096900249704
3.053053053053053,0.4888695618416944
3.063063063063063,-0.07024693418952038
3.073073073073073,0.5011152418439021
3.083083083083083,0.47942094674370994
3.093093093093093,0.6336194861025539
3.103103103103103,0.2820737681794059
3.113113113113113,0.4540570939457438
3.123123123123123,0.755578421452479
3.133133133133133,0.8041861929852011
3.143143143143143,0.4913318255689213
3.153153153153153,0.8300704391357062
3.163163163163163,0.8405247870097716
3.173173173173173,0.7712938486143595
3.183183183183183,0.6568237467527291
3.193193193193193,0.8445813882845933
3.203203203203203,0.7334670973361185
3.2132132132132134,0.6447600363371793
3.2232232232232234,0.9726482536377719
3.2332332332332334,1.0964075927849446
3.2432432432432434,0.9539387966179266
3.2532532532532534,0.9825572823273746
3.2632632632632634,1.0428747552069175
3.2732732732732734,1.0499740927624688
3.2832832832832834,0.9959046480556984
3.2932932932932935,0.9927018894685008
3.3033033033033035,0.6472916836238942
3.3133133133133135,0.8712807529326794
3.3233233233233235,1.0341265220016427
3.3333333333333335,1.0642924075187679
3.3433433433433435,0.745941028456765
3.3533533533533535,1.0183031999943233
3.3633633633633635,0.7503241426270145
3.3733733733733735,1.0779955096015563
3.3833833833833835,0.8691591716314624
3.3933933933933935,0.9417411911871394
3.4034034034034035,0.6125496351889783
3.4134134134134135,0.6147102076324913
3.4234234234234235,0.33025088038353534
3.4334334334334335,0.4344763035725525
3.4434434434434436,0.45048165331850676
3.4534534534534536,0.61094903202547
3.4634634634634636,-0.0820748169955241
3.4734734734734736,0.4429607779250465
3.4834834834834836,0.43515294264463045
3.4934934934934936,0.3194824628937693
3.5035035035035036,-0.04824319928056421
3.5135135135135136,-0.3602928219752326
3.5235235235235236,-0.03273593131642914
3.5335335335335336,-0.07600964617617603
3.5435435435435436,-0.5842147466988559
3.5535535535535536,-0.4644072402246
3.5635635635635636,-0.20201036531029504
3.5735735735735736,-0.4013042737827861
3.5835835835835836,-0.23632615401959378
3.5935935935935936,-0.19177454448951758
3.6036036036036037,-1.1036187866353433
3.6136136136136137,-0.5486984128109766
3.6236236236236237,-0.6270507337827719
3.6336336336336337,-0.9128848805697514
3.6436436436436437,-0.5493476607239884
3.6536536536536537,-0.9678188510694891
3.6636636636636637,-0.6510180168255756
3.6736736736736737,-1.0622584792600347
3.6836836836836837,-1.0167149884266191
3.6936936936936937,-0.6520621568994702
3.7037037037037037,-0.5261917267748253
3.7137137137137137,-0.7896054586559662
3.7237237237237237,-1.1231774759309021
3.7337337337337337,-0.867913225449789
3.7437437437437437,-0.7520360976406024
3.7537537537537538,-1.0896377068336052
3.7637637637637638,-0.8816892642131655
3.7737737737737738,-1.07918545678005
3.7837837837837838,-0.8534290240497278
3.793793793793794,-0.9282122065926498
3.803803803803804,-1.0193555591911254
3.813813813813814,-0.9273508859057263
3.823823823823824,-0.7818295646740105
3.833833833833834,-0.7267128957717477
3.843843843843844,-0.5911348484099979
3.853853853853854,-0.8064581865015039
3.863863863863864,-0.7476872886258814
3.873873873873874,-0.8640821633843037
3.883883883883884,-0.2746275926726097
3.893893893893894,-0.8435811541457283
3.903903903903904,-0.3859955393538253
3.913913913913914,-0.7256865190151962
3.923923923923924,-0.6450927774249089
3.933933933933934,-0.7752456481904673
3.943943943943944,-0.3300373196108114
3.953953953953954,-0.4289936978025426
3.963963963963964,-0.3172874715303745
3.973973973973974,-0.5286975037032668
3.983983983983984,-0.09838299436920253
3.993993993993994,-0.016769665207333008
4.004004004004004,0.044553608974747694
4.014014014014014,0.26102218625744666
4.024024024024024,0.4431170808885457
4.034034034034034,0.06309117701013134
4.044044044044044,0.14950335000302212
4.054054054054054,0.6555092757276038
4.064064064064064,0.3638645880918749
4.074074074074074,0.28479149215335464
4.084084084084084,0.49099037007143603
4.094094094094094,0.5948511833737042
4.104104104104104,0.787045230647528
4.114114114114114,0.6412046699156766
4.124124124124124,0.8899297514770929
4.134134134134134,0.6796414153612022
4.1441441441441444,1.0092172163012563
4.1541541541541545,0.6979968838399044
4.1641641641641645,0.5086824067236257
4.1741741741741745,0.8603328064465159
4.1841841841841845,1.1004735805919503
4.1941941941941945,0.712943156236616
4.2042042042042045,1.0427146058795576
4.2142142142142145,0.7987628475795643
4.2242242242242245,1.0555406910824732
4.2342342342342345,1.305325992149473
4.2442442442442445,1.0900427412346207
4.2542542542542545,1.2992720673736424
4.2642642642642645,0.9557493211329724
4.2742742742742745,1.1873617337288715
4.2842842842842845,0.8147416638624378
4.2942942942942945,1.6216085478491384
4.3043043043043046,0.9633603915741181
4.314314314314315,0.408107444166139
4.324324324324325,0.8718720957688881
4.334334334334335,0.7479940345300938
4.344344344344345,0.720343716220618
4.354354354354355,1.0842535469657884
4.364364364364365,0.6643926990753442
4.374374374374375,0.6440834541157089
4.384384384384385,0.02629122457521893
4.394394394394395,0.6775955918388539
4.404404404404405,0.3389576521961013
4.414414414414415,0.7457036817934394
4.424424424424425,0.9942120439493614
4.434434434434435,0.258912283001543
4.444444444444445,0.20041442091851464
4.454454454454455,0.2440667910315942
4.464464464464465,0.3029874322141122
4.474474474474475,0.11846383804456995
4.484484484484485,-0.36398079596973204
4.494494494494495,-0.052198813276773136
4.504504504504505,-0.0625904785673706
4.514514514514515,0.2504285839894008
4.524524524524525,-0.24383554177968647
4.534534534534535,-0.37227349086345607
4.544544544544545,-0.24500415784023633
4.554554554554555,-0.42853703510866037
4.564564564564565,-0.35238355938164684
4.574574574574575,-0.6764184604263425
4.584584584584585,-0.5306949328638837
4.594594594594595,-0.6355920448465214
4.604604604604605,-0.6746884881019695
4.614614614614615,-0.8050645824569935
4.624624624624625,-0.42693296789536567
4.634634634634635,-0.8089923203440774
4.644644644644645,-0.7247083141270018
4.654654654654655,-0.5867875192386911
4.664664664664665,-1.0208427792974488
4.674674674674675,-0.8273820367670948
4.684684684684685,-0.3746199998919658
4.694694694694695,-0.9068609311802517
4.704704704704705,-0.8204026491852341
4.714714714714715,-0.8674905061792758
4.724724724724725,-0.8376542568298913
4.734734734734735,-1.252771975182421
4.744744744744745,-1.1599841334095797
4.754754754754755,-1.195220621569554
4.764764764764765,-1.0920253868406968
4.774774774774775,-1.219833570569734
4.784784784784785,-0.9496987743058324
4.794794794794795,-1.1881785596594328
4.804804804804805,-0.9499598895858752
4.814814814814815,-0.901284284552704
4.824824824824825,-1.1469899681832694
4.834834834834835,-0.8763575197642872
4.844844844844845,-0.9016028173040169
4.854854854854855,-0.5788408783682236
4.864864864864865,-1.0174034620051222
4.874874874874875,-0.5530021095040507
4.884884884884885,-0.37198667668539737
4.894894894894895,-1.027153901503679
4.904904904904905,-0.5929821076359401
4.914914914914915,-0.48092587422655075
4.924924924924925,-0.2666319288424579
4.934934934934935,-0.20225397883002968
4.944944944944945,-0.5268009550427257
4.954954954954955,-0.6122658349654513
4.964964964964965,-0.23423459501974264
4.974974974974975,-0.38346038855056264
4.984984984984985,0.014433754700682505
4.994994994994995,-0.24344694449469603
5.005005005005005,0.2305763738062755
5.015015015015015,-0.07177291627080393
5.025025025025025,0.11799960595356049
5.035035035035035,0.17408203973743877
5.045045045045045,0.07786617396822995
5.055055055055055,0.2897964454410024
5.065065065065065,0.4815797879744596
5.075075075075075,0.5093316232061634
5.085085085085085,0.654874051500995
5.095095095095095,0.5950881691764639
5.105105105105105,0.43929442702763155
5.115115115115115,0.6945623581995727
5.125125125125125,0.644849385440867
5.135135135135135,0.6505909035739521
5.145145145145145,0.8660203725361709
5.155155155155155,0.9648007555782103
5.165165165165165,0.880415202121793
5.175175175175175,0.7874921463105246
5.185185185185185,0.823062968790499
5.195195195195195,0.7393632975070146
5.205205205205205,1.1509981565356098
5.215215215215215,0.9601153918562423
5.225225225225225,1.079736717531165
5.235235235235235,1.4137097125850362
5.245245245245245,0.9174769467545103
5.255255255255255,1.452134310485634
5.265265265265265,1.2833008664076684
5.275275275275275,0.8653637671278694
5.285285285285285,1.077955337350996
5.295295295295295,1.042987921153119
5.305305305305305,0.42285858538447985
5.315315315315315,0.9201629241051114
5.325325325325325,1.0115602415212805
5.335335335335335,0.9895730198809927
5.345345345345345,0.958715251459386
5.355355355355355,0.8335536471813623
5.365365365365365,0.9428132216701475
5.375375375375375,0.4874172307768887
5.385385385385385,0.7123607185317845
5.395395395395395,0.6288514293224393
5.405405405405405,0.22702947371322163
5.415415415415415,0.6439517258029379
5.425425425425425,0.24097223430291184
5.435435435435435,0.36996684263095253
5.445445445445445,0.1885149266686882
5.455455455455455,0.3322927883176121
5.465465465465465,0.13452615652370067
5.475475475475475,0.11534725893368727
5.485485485485485,0.2476252993144022
5.495495495495495,0.3600398563941359
5.505505505505505,0.14216825102466218
5.515515515515515,-0.09015349287361793
5.525525525525525,0.026842954787676093
5.535535535535535,-0.2572505417626707
5.545545545545545,-0.4006580231724869
5.555555555555555,-0.11492840740013499
5.565565565565565,-0.48174248673837167
5.575575575575575,-0.6984573056123901
5.585585585585585,-0.5744705255355537
5.595595595595595,-0.7598048181338317
5.605605605605605,-0.7442023809087391
5.615615615615615,-0.4882843583208948
5.625625625625625,-0.453426333724135
5.635635635635635,-0.9467884513646747
5.645645645645645,-0.6766242855245604
5.655655655655655,-0.8748817475088068
5.665665665665665,-0.6893687783531736
5.675675675675675,-0.854455703517689
5.685685685685685,-0.8715527921627805
5.6956956956956954,-1.1349371235906216
5.7057057057057055,-0.9706912298642365
5.7157157157157155,-1.2087737091081503
5.7257257257257255,-0.8758809032978592
5.7357357357357355,-1.0310394344888867
5.7457457457457455,-1.02004488634554
5.7557557557557555,-1.06300897162854
5.7657657657657655,-1.1173637069280167
5.7757757757757755,-1.2209174753708223
5.7857857857857855,-0.8730152772697024
5.7957957957957955,-1.0445826738005832
5.8058058058058055,-0.9702441508301274
5.8158158158158155,-0.9424471545300488
5.8258258258258255,-1.1827597097986824
5.8358358358358355,-0.8485659181087232
5.8458458458458455,-0.9123342966433288
5.8558558558558556,-0.7120005167418146
5.865865865865866,-0.48161147962056483
5.875875875875876,-0.9002084037012477
5.885885885885886,-0.8565310014156147
5.895895895895896,-0.5338174546730656
5.905905905905906,-0.6061603891885783
5.915915915915916,-0.6740933075269131
5.925925925925926,-0.4679946301642629
5.935935935935936,-0.4041454662496932
5.945945945945946,-0.3912078361483352
5.955955955955956,0.09537358678642904
5.965965965965966,-0.0909326513576527
5.975975975975976,-0.47532463929584207
5.985985985985986,0.032641260966032565
5.995995995995996,-0.07669695875382473
6.006006006006006,0.23371884538442084
6.016016016016016,-0.0006121529686273913
6.026026026026026,0.30738784919308965
6.036036036036036,0.5762539504140015
6.046046046046046,0.09909637360865331
6.056056056056056,0.16732541811871912
6.066066066066066,0.27315680062276293
6.076076076076076,0.2769853739485434
6.086086086086086,0.47476648483462225
6.096096096096096,0.4580490320292453
6.106106106106106,0.8366884028364526
6.116116116116116,0.9106367146323369
6.126126126126126,0.6743450131788554
6.136136136136136,0.7544044139026873
6.146146146146146,0.7548660872162085
6.156156156156156,0.7280657835166494
6.166166166166166,0.5286403540923885
6.176176176176176,0.7243324585423498
6.186186186186186,1.127758362293026
6.196196196196196,0.9328807612835597
6.206206206206206,0.9239020705024305
6.216216216216216,1.1027867241858682
6.226226226226226,1.01601198406648
6.236236236236236,1.0248803971814582
6.246246246246246,0.999619832162255
6.256256256256256,0.7731145095019246
6.266266266266266,1.0088140852955187
6.276276276276276,1.0307606436289103
6.286286286286286,0.7290431631941224
6.296296296296296,0.6856775824851995
6.306306306306306,1.1559627974817621
6.316316316316316,0.7840169179354427
6.326326326326326,0.8399978049510501
6.336336336336336,0.7086984095218677
6.346346346346346,0.897958681769788
6.356356356356356,0.750792246220331
6.366366366366366,0.9394752078829234
6.376376376376376,0.7930604732484656
6.386386386386386,0.7241637830581465
6.396396396396396,1.0269113471292923
6.406406406406406,1.1231860820029198
6.416416416416417,0.4305566149376728
6.426426426426427,0.3148216057409388
6.436436436436437,0.5327039815141884
6.446446446446447,0.3661676580620559
6.456456456456457,0.2534080146734036
6.466466466466467,0.3737877790351647
6.476476476476477,0.07774145112507708
6.486486486486487,0.30072260789575
6.496496496496497,0.149768384811214
6.506506506506507,-0.13479910479988677
6.516516516516517,-0.12426210126297627
6.526526526526527,-0.16662576213374072
6.536536536536537,0.06113904396142367
6.546546546546547,-0.15958187093326023
6.556556556556557,-0.46611070074941086
6.566566566566567,-0.35318713346058683
6.576576576576577,-0.6259766257025713
6.586586586586587,-0.4335271328919329
6.596596596596597,-0.34155057855288495
6.606606606606607,-0.7078486489109574
6.616616616616617,-0.7728951058752179
6.626626626626627,-0.2660757723371023
6.636636636636637,-0.862420563430256
6.646646646646647,-0.3775820608292076
6.656656656656657,-1.1217421886389283
6.666666666666667,-0.7947953885374492
6.676676676676677,-0.8516643546952426
6.686686686686687,-0.5836006417675805
6.696696696696697,-1.0528661715295053
6.706706706706707,-0.9058364786156814
6.716716716716717,-0.7596751046368144
6.726726726726727,-1.009662270554101
6.736736736736737,-1.2051538619203324
6.746746746746747,-1.3078008745707272
6.756756756756757,-1.4308420109516211
6.766766766766767,-1.187956858671876
6.776776776776777,-0.7119048525263317
6.786786786786787,-1.1632023057843852
6.796796796796797,-0.9065881819617684
6.806806806806807,-0.9498723736492721
6.816816816816817,-0.9570695475624997
6.826826826826827,-1.0990334956809902
6.836836836836837,-0.8034635699443557
6.846846846846847,-0.7265459646638062
6.856856856856857,-1.1230188976126325
6.866866866866867,-0.6859212352108369
6.876876876876877,-0.7500870097588358
6.886886886886887,-0.9133216793674557
6.896896896896897,-0.5914095300327841
6.906906906906907,-0.2900140996388872
6.916916916916917,-0.3343946783528209
6.926926926926927,-0.1548690578501462
6.936936936936937,-0.480536294428894
6.946946946946947,-0.2822191718977667
6.956956956956957,-0.35185565222835785
6.966966966966967,-0.35824140308370755
6.976976976976977,-0.19365574780608039
6.986986986986987,-0.0021481119381410174
6.996996996996997,0.18948135627504892
7.007007007007007,-0.15841654413042708
7.017017017017017,0.22517585671905616
7.027027027027027,0.03633045396668552
7.037037037037037,-0.06654964394228688
7.047047047047047,0.3021446221789055
7.057057057057057,0.023223120936780695
7.067067067067067,0.5141628202313938
7.077077077077077,0.3702747020526061
7.087087087087087,0.6708235293840495
7.097097097097097,0.14437020425502056
7.107107107107107,0.8836538679187957
7.117117117117117,0.7149399180952889
7.127127127127127,0.49559099528134065
7.137137137137137,0.8576594806640186
7.147147147147147,0.8448042043383054
7.157157157157157,0.6166224116767465
7.167167167167167,1.296205053725961
7.177177177177177,1.2051486460856569
7.187187187187187,0.9952012922509772
7.197197197197197,1.0411002406081977
7.207207207207207,0.7890344438893079
7.217217217217217,0.8071116212162484
7.227227227227227,0.9499173567909095
7.237237237237237,0.7781687057903407
7.247247247247247,1.0849205075636517
7.257257257257257,0.5826276075180288
7.267267267267267,0.8903823683553026
7.277277277277277,1.1747478408783563
7.287287287287287,0.8024816374664026
7.297297297297297,0.685507790994449
7.307307307307307,1.0225114325028306
7.317317317317317,0.9936329002213633
7.327327327327327,0.5411762463753084
7.337337337337337,0.770513039411473
7.347347347347347,1.0865039960018883
7.357357357357357,0.7538568960120725
7.367367367367367,0.7698976264973211
7.377377377377377,1.0785217859992113
7.387387387387387,0.642170371024608
7.397397397397397,0.5968812348124769
7.407407407407407,0.6778343101880385
7.4174174174174174,0.5807758093466241
7.4274274274274275,0.5334244620402222
7.4374374374374375,0.2165146968631715
7.4474474474474475,0.3728359029195177
7.4574574574574575,0.3614160838341931
7.4674674674674675,0.12245956503106757
7.4774774774774775,0.30434095565824787
7.4874874874874875,0.5614926605444243
7.4974974974974975,0.40979689138516445
7.5075075075075075,0.10107809710065899
7.5175175175175175,-0.09506492881447362
7.5275275275275275,0.008082505293273506
7.5375375375375375,-0.0409773416903543
7.5475475475475475,-0.02644374548714523
7.5575575575575575,-0.1982339217309308
7.5675675675675675,-0.40785608016727265
7.5775775775775776,-0.6392848532001968
7.587587587587588,-0.4960620383334596
7.597597597597598,-1.0158757224202883
7.607607607607608,-0.44581932964696647
7.617617617617618,-0.6587018449045268
7.627627627627628,-0.42097931231257496
7.637637637637638,-1.2835723208345597
7.647647647647648,-0.937388163448845
7.657657657657658,-0.8710695977640578
7.667667667667668,-0.7141298146247013
7.677677677677678,-0.714892314140698
7.687687687687688,-1.2313811862521769
7.697697697697698,-1.1528193149817534
7.707707707707708,-0.7502148655052351
7.717717717717718,-1.2322191460836465
7.727727727727728,-1.3411732085615657
7.737737737737738,-1.2662082791823985
7.747747747747748,-0.7813936472498991
7.757757757757758,-0.5939089049533407
7.767767767767768,-0.60209172620931
7.777777777777778,-0.6638783042737031
7.787787787787788,-1.0510345680705508
7.797797797797798,-0.9362006501603589
7.807807807807808,-0.5722174388955408
7.817817817817818,-0.9426681053228805
7.827827827827828,-0.7314189998342666
7.837837837837838,-0.7602095347246838
7.847847847847848,-1.2387694450926274
7.857857857857858,-0.5933387462119707
7.867867867867868,-0.8239584847392147
7.877877877877878,-0.49002389720854744
7.887887887887888,-0.44145915583323625
7.897897897897898,-0.6434957207088723
7.907907907907908,-0.899939947925655
7.917917917917918,-0.5268207226401977
7.927927927927928,-0.5706807259823437
7.937937937937938,-0.12860695486422635
7.947947947947948,-0.47940549426892004
7.957957957957958,-0.3980172996640191
7.967967967967968,-0.41606353272310026
7.977977977977978,-0.35256698571809864
7.987987987987988,-0.27388135567571564
7.997997997997998,0.025610925970535037
8.008008008008009,0.17465490381197785
8.018018018018019,0.29909293958395056
8.028028028028029,0.328552838776228
8.038038038038039,0.7563581344526924
8.048048048048049,0.4993366690164698
8.058058058058059,0.24501221518790595
8.068068068068069,0.5851928230113337
8.078078078078079,0.48395971183234077
8.088088088088089,0.5194803112424913
8.098098098098099,0.3618010330103929
8.108108108108109,0.492130817054767
8.118118118118119,0.6383372814327258
8.128128128128129,0.8558577833113459
8.138138138138139,0.8038696814252484
8.148148148148149,0.8778118347429291
8.158158158158159,0.7467469924466867
8.168168168168169,0.7936027902331598
8.178178178178179,0.9440042682723028
8.188188188188189,1.1540085088735732
8.198198198198199,0.8840537637781872
8.208208208208209,1.1222413777085833
8.218218218218219,0.9747369239401721
8.228228228228229,0.9397101812051201
8.238238238238239,0.9228712224039117
8.248248248248249,0.7929290951394126
8.258258258258259,1.1212642487311897
8.268268268268269,0.829126844967655
8.278278278278279,1.067501154813896
8.288288288288289,0.9277226810506828
8.298298298298299,1.1993718616096323
8.308308308308309,1.2011460955828275
8.318318318318319,0.9990829667547614
8.328328328328329,0.8055845861187918
8.338338338338339,1.1018391970395025
8.348348348348349,0.8289374147807027
8.358358358358359,1.138845048019309
8.368368368368369,0.43614104355014655
8.378378378378379,0.8030073476710564
8.388388388388389,0.5591266540948052
8.398398398398399,0.4533710038723261
8.408408408408409,0.45864314424733843
8.418418418418419,0.9023739524214005
8.428428428428429,0.39590003917488203
8.438438438438439,0.33161537580264755
8.448448448448449,0.18638602837693707
8.458458458458459,0.3363714205398632
8.468468468468469,0.20961765941789515
8.478478478478479,0.10165942233449417
8.488488488488489,0.14626767822135905
8.498498498498499,-0.040639682743373345
8.508508508508509,0.17719686665016754
8.518518518518519,0.17466037632141768
8.528528528528529,-0.1389245544532835
8.538538538538539,-0.3106115018012617
8.548548548548549,-0.7247197454185053
8.558558558558559,-0.6465532764603216
8.568568568568569,-0.6203626282305361
8.578578578578579,-0.616117991415704
8.588588588588589,-0.6100698041446503
8.598598598598599,-0.7478512654200783
8.608608608608609,-0.4373980923430863
8.618618618618619,-0.8848951748137439
8.62862862862863,-0.8634579547760074
8.63863863863864,-0.6875770509974382
8.64864864864865,-0.942643840608361
8.65865865865866,-0.62150683608822
8.66866866866867,-1.203507754767043
8.67867867867868,-0.9248393214663816
8.68868868868869,-0.9963481836442545
8.6986986986987,-1.0726365309621249
8.70870870870871,-0.8477846261924309
8.71871871871872,-1.5545377700976228
8.72872872872873,-0.9688000933644381
8.73873873873874,-1.09638145236297
8.74874874874875,-0.7764849019152682
8.75875875875876,-0.5096791604652863
8.76876876876877,-0.6326695400672164
8.77877877877878,-1.069049667515932
8.78878878878879,-0.9870747598564813
8.7987987987988,-1.003050992367616
8.80880880880881,-1.0177305299057349
8.81881881881882,-1.0984406618661222
8.82882882882883,-0.7733012142179667
8.83883883883884,-0.8788841478508671
8.84884884884885,-0.8472395004607192
8.85885885885886,-0.788840862707287
8.86886886886887,-1.0179677913915233
8.87887887887888,-0.6589593460773208
8.88888888888889,-1.216934325722204
8.8988988988989,-0.7519365276374889
8.90890890890891,-0.29286734258180563
8.91891891891892,-0.07231925649408927
8.92892892892893,-0.3574900502439185
8.93893893893894,-0.6823367164957778
8.94894894894895,-0.37730290626539187
8.95895895895896,-0.11850343864222637
8.96896896896897,-0.27044563235981434
8.97897897897898,0.25105980177514386
8.98898898898899,0.062054825611018785
8.998998998999,0.11750382213328293
9.00900900900901,0.16336064882191198
9.01901901901902,-0.12640742388046258
9.02902902902903,0.16061094761618094
9.03903903903904,0.30840477375038344
9.04904904904905,0.18218111325491462
9.05905905905906,0.19924052335504053
9.06906906906907,0.7056217021343667
9.07907907907908,0.21531239573090394
9.08908908908909,0.5893370413335584
9.0990990990991,0.3987546150889676
9.10910910910911,0.7740812038602362
9.11911911911912,0.6659290229377585
9.12912912912913,0.5179252629634999
9.13913913913914,0.5465361144857357
9.14914914914915,0.9921349781365232
9.15915915915916,0.9485349565440928
9.16916916916917,0.8148255649056132
9.17917917917918,0.9478941656001194
9.18918918918919,0.8427299813493437
9.1991991991992,1.0044616053559385
9.20920920920921,0.7622793267025929
9.21921921921922,1.1722730070744725
9.22922922922923,1.2355354626064572
9.23923923923924,0.9462757097952612
9.24924924924925,1.2519170338276902
9.25925925925926,0.8185427195802892
9.26926926926927,0.9415126136557168
9.27927927927928,1.1905290382248976
9.28928928928929,0.8092807639143755
9.2992992992993,1.392237920758563
9.30930930930931,0.6819047068046881
9.31931931931932,0.527442979965544
9.32932932932933,0.5738105855672105
9.33933933933934,0.7098427746671823
9.34934934934935,0.6549922092630939
9.35935935935936,0.8482104981195417
9.36936936936937,0.6227732261589028
9.37937937937938,0.9874612392494275
9.38938938938939,0.5660717652047894
9.3993993993994,0.8725286604632589
9.40940940940941,0.23643200097836448
9.41941941941942,0.9656281170094667
9.42942942942943,0.6352600439617471
9.43943943943944,0.3408913056688978
9.44944944944945,0.36136424621647967
9.45945945945946,0.17921188731009843
9.46946946946947,-0.16773497922480654
9.47947947947948,0.11936682621746574
9.48948948948949,0.28766076185172046
9.4994994994995,-0.185693151500386
9.50950950950951,0.16738352073798915
9.51951951951952,-0.24098407074553618
9.52952952952953,-0.4783821338753378
9.53953953953954,-0.19127783533557366
9.54954954954955,-0.5619559460452601
9.55955955955956,-0.6558921421258093
9.56956956956957,-0.27364531979039153
9.57957957957958,-0.36882391031934736
9.58958958958959,-0.7226755433833261
9.5995995995996,-0.6780128953596036
9.60960960960961,-0.6461392520782825
9.61961961961962,-0.5719575938761821
9.62962962962963,-0.6093891536417669
9.63963963963964,-0.5164186605818191
9.64964964964965,-0.6615554880599127
9.65965965965966,-0.5201755568369232
9.66966966966967,-1.0269044593481103
9.67967967967968,-0.928267400147148
9.68968968968969,-0.8661685253336529
9.6996996996997,-1.0779638240695522
9.70970970970971,-0.7183011989720794
9.71971971971972,-0.89910711467096
9.72972972972973,-0.7201219481018416
9.73973973973974,-1.1458199427645535
9.74974974974975,-0.8491117825480847
9.75975975975976,-0.8485900301577086
9.76976976976977,-1.2041301635770034
9.77977977977978,-1.0490283308564505
9.78978978978979,-1.124707093867909
9.7997997997998,-1.183722698850551
9.80980980980981,-0.8694761431840418
9.81981981981982,-0.9729345455032095
9.82982982982983,-0.8168452166651656
9.83983983983984,-0.532985373294377
9.84984984984985,-0.7521403297895659
9.85985985985986,-0.8470106562613222
9.86986986986987,-0.6871081842668714
9.87987987987988,-1.0165422786812965
9.88988988988989,-0.9290263191995006
9.8998998998999,-0.5915902806233982
9.90990990990991,-0.6336073165426533
9.91991991991992,-0.7518469986987355
9.92992992992993,-0.1633736020342313
9.93993993993994,-0.033856946509966956
9.94994994994995,-0.4753135259432337
9.95995995995996,0.026170499804122005
9.96996996996997,-0.2946923426688639
9.97997997997998,-0.2762640335592558
9.98998998998999,-0.14932546083278347
10.0,-0.055496371199735
